-1 0.168919 0.506002 0.216216 0.645236
-1 0.383446 0.489496 0.158784 0.618226
-1 0.582770 0.516506 0.199324 0.606222
-1 0.806588 0.516506 0.184122 0.648237
-1 0.114020 0.270416 0.170608 0.228083
-1 0.162162 0.337941 0.070946 0.417153
-1 0.149493 0.629047 0.113176 0.549201
-1 0.168919 0.376955 0.128378 0.321117
-1 0.174831 0.472990 0.150338 0.627229
-1 0.386824 0.288423 0.070946 0.312114
-1 0.385980 0.390460 0.119932 0.468171
-1 0.377534 0.647054 0.173986 0.315115
-1 0.398649 0.426473 0.128378 0.552202
-1 0.594595 0.355947 0.081081 0.357131
-1 0.572635 0.417470 0.111486 0.462169
-1 0.574324 0.599036 0.114865 0.519190
-1 0.612331 0.624546 0.123311 0.468171
-1 0.819257 0.355947 0.070946 0.435159
-1 0.822635 0.558521 0.101351 0.636233
-1 0.839527 0.462486 0.172297 0.342125
-1 0.811655 0.321435 0.133446 0.354130